0,18,19,20,30,50,51,52,53
18,0,16,17,29,46,47,48,49
19,16,0,15,22,42,43,44,45
20,17,15,0,21,38,39,40,41
30,29,22,21,0,15,16,23,31
50,46,42,38,15,0,8,9,10
51,47,43,39,16,8,0,6,7
52,48,44,40,23,9,6,0,5
53,49,45,41,31,10,7,5,0