0.887895812280476,0.676839088322595,0.374344636220485,0.196872194297612,0.0261308408807963,0
0.676839088322595,0.887895812280476,0.585401360178366,0.407928918255493,0.237187564838678,0.211056723957881
0.374344636220485,0.585401360178366,0.887895812280476,0.710423370357603,0.539682016940787,0.513551176059991
0.196872194297612,0.407928918255493,0.710423370357603,0.887895812280476,0.717154458863661,0.691023617982864
0.0261308408807963,0.237187564838678,0.539682016940787,0.717154458863661,0.887895812280476,0.86176497139968
0,0.211056723957881,0.513551176059991,0.691023617982864,0.86176497139968,0.887895812280476
